     0/299     9.98G   0.07047   0.01863   0.03578    0.1249        30       640   0.03935   0.05477   0.01255   0.00352   0.08616    0.0196   0.03316
     1/299     11.2G   0.05883   0.01915   0.02876    0.1067        20       640    0.2913    0.2244    0.1043   0.03309   0.07734   0.01867   0.02879
     2/299     11.2G   0.05525   0.01826   0.02407   0.09758        29       640     0.468    0.2381    0.1492    0.0553   0.07907   0.01808    0.0239
     3/299     11.2G   0.05415   0.01705   0.02044   0.09164        21       640    0.4946    0.2097    0.1827   0.06567   0.07638   0.01806    0.0225
     4/299     11.2G   0.05253   0.01793   0.01761   0.08808        58       640     0.602    0.2571    0.2248   0.08561   0.07165   0.01855   0.02095
     5/299     11.2G   0.05151   0.01753    0.0176   0.08663        21       640    0.4476    0.2662    0.1863    0.0629   0.07801   0.01866   0.02088
     6/299     11.2G   0.05133    0.0166   0.01607     0.084        16       640    0.4682    0.3087    0.2419    0.1007   0.07456   0.01929   0.02208
     7/299     11.2G   0.05044   0.01767   0.01515   0.08326        30       640    0.4076    0.3612    0.2375   0.09257   0.07139   0.01933   0.02098
     8/299     11.2G   0.05119   0.01668   0.01604    0.0839        10       640    0.4449    0.3634    0.2682   0.09817   0.07295     0.019    0.0205
     9/299     11.2G   0.05019   0.01798   0.01524   0.08341        20       640    0.5005    0.3062    0.2568   0.09794   0.07319   0.01926   0.01972
    10/299     11.2G   0.05074   0.01772   0.01481   0.08327        18       640     0.538    0.3737    0.3306    0.1489   0.07065    0.0192   0.01921
    11/299     11.2G   0.05044   0.01683   0.01512   0.08239         6       640    0.4734    0.3035    0.2718     0.111   0.07686    0.0197   0.01977
    12/299     11.2G   0.05269   0.01776   0.01587   0.08632        16       640    0.5342    0.2844    0.2792    0.1295   0.06893   0.02108   0.02021
    13/299     11.2G   0.05175   0.01733   0.01494   0.08402        18       640    0.6208    0.2947    0.3147    0.1505   0.07557   0.01964    0.0225
    14/299     11.2G   0.05064   0.01717   0.01475   0.08256        21       640    0.5854    0.3034    0.3138    0.1357   0.07549   0.01967   0.02001
    15/299     11.2G    0.0503   0.01714   0.01415   0.08159        23       640    0.5715     0.373    0.3344    0.1426   0.07212   0.01985   0.01811
    16/299     11.2G   0.04952   0.01677   0.01392   0.08021        15       640    0.6182    0.3923    0.3797    0.1659   0.06961    0.0194   0.01745
    17/299     11.2G   0.04906   0.01771   0.01383    0.0806        19       640    0.6674    0.3856    0.3953    0.1773   0.06916    0.0192   0.01755
    18/299     11.2G   0.04845   0.01717   0.01254   0.07816         7       640    0.6011      0.39    0.3724    0.1701   0.06787   0.01925   0.01697
    19/299     11.2G   0.04788   0.01709   0.01217   0.07715        44       640    0.6388    0.4211    0.4335    0.2075   0.06435   0.01928   0.01768
    20/299     11.2G   0.04738    0.0175   0.01228   0.07715        36       640    0.6021    0.4576    0.4285    0.2048    0.0649   0.01969   0.01594
    21/299     11.2G   0.04701   0.01694   0.01125    0.0752        27       640    0.5943    0.4184    0.3965    0.1777   0.06624   0.02035   0.01704
    22/299     11.2G   0.04658   0.01752   0.01128   0.07538        41       640    0.6095    0.4301     0.409    0.1956    0.0647   0.01923   0.01643
    23/299     11.2G   0.04713   0.01703   0.01124   0.07541        20       640    0.7158    0.4153    0.4607    0.2139   0.06496   0.01892    0.0164
    24/299     11.2G   0.04575   0.01656   0.01017   0.07248        15       640    0.6825    0.4238    0.4479    0.1897   0.06237   0.01958   0.01524
    25/299     11.2G   0.04576     0.017    0.0106   0.07335         9       640    0.6939    0.4325    0.4548    0.2104   0.06208   0.01968   0.01564
    26/299     11.2G   0.04565   0.01733   0.01062    0.0736        15       640    0.6306     0.463    0.4424    0.2105   0.06361   0.01974   0.01647
    27/299     11.2G   0.04441   0.01681  0.009694   0.07092        46       640    0.6792    0.4769    0.4699    0.2347   0.06437   0.01913   0.01534
    28/299     11.2G   0.04475   0.01642  0.009805   0.07098         7       640    0.6621    0.4733      0.46    0.2262    0.0628   0.01909   0.01537
    29/299     11.2G   0.04481    0.0164  0.009818   0.07103        22       640    0.7178    0.4376     0.475    0.2319   0.06287   0.01912   0.01485
    30/299     11.2G   0.04418   0.01651  0.009211    0.0699        30       640      0.71    0.4488    0.4863    0.2414   0.06278   0.01954   0.01582
    31/299     11.2G   0.04437   0.01647  0.009725   0.07057         9       640    0.7168    0.4474    0.4768    0.2357   0.06298   0.01941    0.0149
    32/299     11.2G   0.04406   0.01653  0.009387   0.06998        19       640    0.5434    0.4958    0.4581    0.2258   0.06328   0.01924   0.01539
    33/299     11.2G   0.04357    0.0167  0.009606   0.06988         8       640    0.5854    0.4335      0.43    0.2072   0.06507   0.01974   0.01629
    34/299     11.2G   0.04447   0.01678  0.009108   0.07036        45       640    0.7328    0.4176     0.474    0.2422   0.06323   0.01952   0.01463
    35/299     11.2G   0.04297   0.01654  0.008278   0.06779        12       640    0.6351     0.497    0.5049      0.25   0.06353   0.01919   0.01424
    36/299     11.2G   0.04316   0.01619  0.008441   0.06779        27       640    0.6226    0.4512    0.4759     0.233   0.06447   0.01925   0.01519
    37/299     11.2G   0.04298   0.01663  0.008503   0.06811        46       640    0.5898    0.5034    0.4804    0.2418   0.06272   0.01949   0.01472
    38/299     11.2G   0.04363    0.0168  0.008342   0.06878        36       640    0.6226    0.5136     0.515    0.2584   0.06129   0.01966   0.01458
    39/299     11.2G   0.04278   0.01643  0.008631   0.06784        32       640    0.5837     0.436    0.4497    0.2129   0.06326   0.02075   0.01603
    40/299     11.2G   0.04338   0.01663  0.008378   0.06839        15       640    0.5968     0.465    0.4622    0.2283   0.06354   0.02045   0.01638
    41/299     11.2G   0.04295   0.01673  0.007901   0.06759         5       640    0.6384    0.4987    0.5279    0.2563   0.06041   0.01988   0.01407
    42/299     11.2G   0.04284    0.0165  0.007675   0.06701        21       640    0.6955    0.4981    0.5315    0.2697   0.05974   0.02033   0.01499
    43/299     11.2G    0.0429   0.01621  0.008055   0.06716        40       640    0.6171    0.5035    0.5046    0.2475   0.05916   0.02018   0.01428
    44/299     11.2G   0.04264   0.01619  0.007501   0.06632        11       640    0.6475    0.5112    0.5352     0.265    0.0626   0.01974   0.01362
    45/299     11.2G   0.04387   0.01574  0.007812   0.06743        14       640    0.6111    0.5255    0.5013    0.2331   0.06281   0.01951   0.01427
    46/299     11.2G   0.04319   0.01628  0.007589   0.06706        21       640    0.6533    0.4902     0.524    0.2538   0.06121   0.01952   0.01364
    47/299     11.2G   0.04299   0.01633  0.007487   0.06681        15       640    0.6626    0.5092    0.5021    0.2288   0.06353    0.0194   0.01472
    48/299     11.2G   0.04286   0.01623   0.00744   0.06653         8       640    0.6022     0.554    0.5261    0.2598   0.06113   0.01991   0.01431
    49/299     11.2G    0.0427   0.01626  0.007695   0.06666        33       640    0.6615    0.5014    0.5199    0.2553   0.06127   0.01935   0.01374
    50/299     11.2G   0.04286   0.01629  0.007306   0.06645        10       640    0.6641    0.5514    0.5571    0.2657   0.06047   0.01986   0.01391
    51/299     11.2G   0.04238   0.01669  0.006894   0.06597        25       640    0.7641    0.4922    0.5574    0.2771   0.06146   0.01963   0.01381
    52/299     11.2G   0.04204   0.01607  0.007249   0.06536        28       640    0.6807    0.5319    0.5621    0.2845   0.06054   0.01979   0.01378
    53/299     11.2G   0.04139   0.01601  0.006699    0.0641         8       640    0.5779    0.5859    0.5504    0.2813   0.05984   0.01975   0.01343
    54/299     11.2G   0.04169   0.01588  0.006976   0.06454        29       640    0.6915    0.5474     0.567    0.2689   0.06128   0.01944   0.01361
    55/299     11.2G   0.04217   0.01582   0.00699   0.06497        38       640    0.7121    0.5093    0.5673    0.2857   0.06234   0.01927    0.0138
    56/299     11.2G    0.0414   0.01598  0.007119   0.06449        28       640    0.6329    0.5228    0.5499    0.2708   0.06035   0.01989   0.01287
    57/299     11.2G    0.0414   0.01571  0.006489    0.0636        13       640    0.5906    0.5676    0.5461    0.2624   0.06185   0.01985   0.01361
    58/299     11.2G    0.0414   0.01566  0.006515   0.06357        13       640    0.5725    0.5878    0.5637    0.2766   0.06133    0.0197   0.01215
    59/299     11.2G   0.04136   0.01585  0.007001   0.06421        18       640    0.6643    0.5232    0.5339    0.2714   0.06215   0.01974   0.01394
    60/299     11.2G    0.0412   0.01661  0.006426   0.06424        44       640    0.5392     0.512    0.5186    0.2592   0.06352    0.0195   0.01323
    61/299     11.2G    0.0415   0.01603  0.006888   0.06441        21       640    0.6357    0.5397    0.5773    0.2805   0.06094   0.01975   0.01272
    62/299     11.2G   0.04096   0.01587  0.006127   0.06296        19       640    0.6839    0.5345    0.5528    0.2882    0.0613   0.01929   0.01305
    63/299     11.2G   0.04146   0.01537   0.00662   0.06345        30       640    0.6401     0.479     0.531    0.2711   0.06172   0.01988   0.01335
    64/299     11.2G   0.04067   0.01565   0.00588    0.0622        31       640    0.5911     0.559    0.5595    0.2774   0.06052   0.01978   0.01262
    65/299     11.2G   0.04111   0.01584  0.006195   0.06315        10       640     0.717    0.5442     0.584    0.2862   0.06024   0.01993   0.01261
    66/299     11.2G   0.04048    0.0154  0.005998   0.06188        13       640    0.6604    0.5462     0.582    0.2894   0.06019   0.01998   0.01295
    67/299     11.2G   0.04164   0.01597  0.006648   0.06427        15       640    0.5686     0.594    0.5453    0.2637   0.06347   0.01967    0.0135
    68/299     11.2G   0.04115   0.01554   0.00631     0.063        15       640    0.6618    0.5232    0.5518    0.2771   0.06281   0.01957   0.01321
    69/299     11.2G   0.04186   0.01591  0.006064   0.06384        25       640    0.6247    0.5621    0.5785     0.284   0.06168   0.01965   0.01336
    70/299     11.2G   0.04112   0.01562  0.005843   0.06258        25       640    0.6541    0.5491    0.5653    0.2747   0.05972    0.0201   0.01343
    71/299     11.2G    0.0405   0.01578  0.006039   0.06232         7       640    0.6398    0.5251    0.5608    0.2756   0.05985   0.01981   0.01304
    72/299     11.2G   0.04021   0.01522   0.00577   0.06119        34       640    0.6131    0.5794    0.5848    0.2892   0.05995   0.01985   0.01251
    73/299     11.2G   0.04021   0.01582  0.005514   0.06155        24       640    0.6827    0.5492    0.5803    0.2897   0.05963   0.01977   0.01281
    74/299     11.2G   0.04018   0.01612  0.005674   0.06197        16       640    0.6122    0.5933    0.5983    0.2983   0.05983   0.01982   0.01263
    75/299     11.2G   0.03985   0.01536  0.005459   0.06067        46       640    0.5692    0.5953    0.5684    0.2835   0.05917   0.02018   0.01282
    76/299     11.2G   0.03975   0.01568  0.005464    0.0609        14       640    0.6572    0.5585    0.5808    0.2858   0.05974   0.01988   0.01246
    77/299     11.2G   0.04007   0.01515  0.005812   0.06104        19       640    0.5977    0.5824    0.5961    0.2955   0.05966   0.02001   0.01227
    78/299     11.2G   0.03991    0.0155   0.00552   0.06093         5       640    0.6376    0.5666    0.5961    0.2991   0.05914   0.01981   0.01211
    79/299     11.2G   0.03952   0.01532  0.005057    0.0599        24       640    0.6015     0.629    0.5955    0.3001      0.06   0.01997   0.01235
    80/299     11.2G   0.03952   0.01572  0.005463    0.0607        25       640    0.5918    0.5991    0.6036    0.2887   0.06023   0.01983   0.01215
    81/299     11.2G   0.03887   0.01562  0.005133   0.05962        16       640     0.642    0.5966     0.596    0.3059   0.06061   0.02001   0.01211
    82/299     11.2G   0.03917   0.01482  0.005272   0.05927        12       640    0.6001    0.5634    0.5596    0.2681   0.06118   0.01983   0.01225
    83/299     11.2G    0.0394   0.01532  0.006026   0.06075        14       640    0.6364    0.5387    0.5633    0.2713   0.06134   0.01957   0.01259
    84/299     11.2G   0.03877   0.01572  0.005298    0.0598        17       640    0.6128    0.5647    0.5791    0.2791   0.06018   0.01995   0.01251
    85/299     11.2G   0.03924   0.01552  0.005827   0.06059        15       640    0.6348    0.5598    0.5884    0.2892   0.05887   0.02018   0.01204
    86/299     11.2G   0.03886   0.01513  0.005362   0.05935        15       640    0.6616    0.6003    0.5877    0.2941     0.059   0.02002   0.01263
    87/299     11.2G   0.03918   0.01574  0.005157   0.06008        60       640    0.7175    0.5614    0.6078    0.3114   0.05953   0.01971   0.01232
    88/299     11.2G   0.03875   0.01554  0.005283   0.05958        23       640    0.6323    0.6037    0.6023    0.2951   0.05855   0.01996   0.01238
    89/299     11.2G    0.0387   0.01529   0.00487   0.05886        13       640    0.6857    0.5567    0.6066    0.3022   0.05837   0.02006   0.01209
    90/299     11.2G   0.03926   0.01532  0.004744   0.05933        35       640    0.6667    0.6066    0.6209    0.3123   0.05814   0.02029   0.01215
    91/299     11.2G   0.03845   0.01526   0.00487   0.05858        34       640    0.7088     0.566    0.6216    0.3074   0.06194   0.01982   0.01197
    92/299     11.2G   0.03804   0.01483  0.004585   0.05745        19       640    0.6435    0.5995    0.6116    0.3156   0.06263    0.0194   0.01183
    93/299     11.2G   0.03874   0.01478  0.005075    0.0586         8       640    0.6333    0.6127    0.5961    0.2913   0.06246   0.01951   0.01173
    94/299     11.2G   0.03868    0.0156  0.004979   0.05926        34       640    0.6528    0.5907    0.6072    0.3087   0.06064   0.01944   0.01174
    95/299     11.2G   0.03835   0.01532  0.004747   0.05842        14       640    0.5904    0.6071    0.5956    0.2993    0.0601   0.02033   0.01184
    96/299     11.2G   0.03824   0.01484  0.005088   0.05816        22       640    0.6929    0.5669    0.6125       0.3   0.06063   0.02016   0.01176
    97/299     11.2G   0.03845   0.01521  0.004566   0.05822        25       640    0.6702     0.574    0.6165    0.2914   0.06048   0.01973   0.01214
    98/299     11.2G   0.03808   0.01463  0.004892    0.0576        24       640    0.6464     0.596    0.6051    0.3099   0.05908   0.02006    0.0119
    99/299     11.2G   0.03788   0.01494    0.0046   0.05742        18       640    0.6907     0.578    0.6158    0.3046   0.05939   0.02027   0.01152
   100/299     11.2G    0.0378   0.01454  0.004656     0.057        10       640    0.6952    0.5647    0.6075    0.2941   0.05859   0.02027   0.01115
   101/299     11.2G   0.03776   0.01447  0.004422   0.05665         6       640    0.7174    0.5646    0.6168    0.3109    0.0596   0.02017    0.0118
   102/299     11.2G   0.03859   0.01512  0.004932   0.05865        29       640    0.6574    0.6035    0.6352    0.3128   0.05849   0.02038   0.01118
   103/299     11.2G   0.03857   0.01476  0.005063   0.05839        31       640    0.6384    0.6039    0.6086    0.3119   0.05825   0.02016   0.01123
   104/299     11.2G   0.03874   0.01527  0.004888    0.0589        26       640    0.6718    0.5926    0.6144    0.3193   0.05909   0.01985   0.01146
   105/299     11.2G   0.03756   0.01472   0.00488   0.05716         8       640    0.6781    0.5713    0.6254    0.3177   0.05938   0.02008   0.01143
   106/299     11.2G   0.03763   0.01485  0.004718    0.0572         9       640    0.7512    0.5596      0.62    0.3118    0.0592   0.02056   0.01111
   107/299     11.2G   0.03774   0.01453  0.004231    0.0565        22       640    0.6837    0.5534    0.6008    0.2969   0.05894   0.02013    0.0117
   108/299     11.2G   0.03736   0.01491  0.004511   0.05679         8       640    0.6516    0.5666    0.5897    0.2871   0.05904    0.0202   0.01142
   109/299     11.2G   0.03752   0.01483  0.004416   0.05676         8       640    0.7029    0.5595     0.611    0.3073   0.05785    0.0204   0.01109
   110/299     11.2G    0.0367   0.01471  0.004032   0.05545        14       640    0.6722    0.6094    0.6088    0.3092   0.05759   0.02058   0.01129
   111/299     11.2G   0.03705   0.01446  0.004328   0.05584        18       640    0.7127    0.5552    0.6196    0.3142    0.0584   0.02057   0.01149
   112/299     11.2G   0.03694   0.01497  0.004304   0.05621        37       640    0.6453    0.6058     0.611    0.3044   0.05832   0.02045   0.01101
   113/299     11.2G   0.03709   0.01463  0.004179    0.0559        23       640    0.6694    0.5913    0.6047    0.2923   0.05864   0.02074   0.01088
   114/299     11.2G   0.03725   0.01462  0.004333   0.05621        14       640    0.7105     0.577    0.6182    0.3064   0.05816   0.02045   0.01129
   115/299     11.2G   0.03713   0.01438  0.004426   0.05593        25       640    0.6151    0.6177    0.6214    0.3004   0.05736   0.02032   0.01121
   116/299     11.2G   0.03655   0.01467  0.004253   0.05547        10       640    0.6258    0.6092    0.6043    0.3116   0.05831   0.02063   0.01137
   117/299     11.2G    0.0367   0.01492  0.004196   0.05582        14       640    0.6385    0.6352    0.6181    0.3075   0.05807   0.02037    0.0114
   118/299     11.2G   0.03658   0.01414  0.004049   0.05478         8       640    0.6677    0.5756    0.5907    0.2923   0.05882   0.02029   0.01122
   119/299     11.2G   0.03668   0.01424  0.003929   0.05485        21       640    0.6711     0.542    0.5842    0.2885   0.05852   0.02095   0.01122
   120/299     11.2G   0.03595   0.01453  0.004003   0.05448        27       640    0.6283    0.5843    0.6087    0.2988   0.05789   0.02038   0.01087
   121/299     11.2G   0.03638   0.01413  0.004216   0.05473        10       640    0.7059    0.5587    0.6122    0.3097   0.05844   0.02079   0.01048
   122/299     11.2G   0.03592   0.01447  0.004102   0.05449        11       640    0.6405    0.5974    0.6038    0.3008   0.05825   0.02089   0.01161
   123/299     11.2G   0.03622   0.01445  0.003971   0.05464        26       640    0.6006    0.6256    0.6029     0.296    0.0583    0.0204   0.01127
   124/299     11.2G   0.03583   0.01448  0.003741   0.05404         7       640    0.7268    0.5553    0.6224    0.3111   0.05831   0.02075    0.0103
   125/299     11.2G   0.03613   0.01416  0.004044   0.05433        39       640    0.5891     0.612    0.6119     0.299   0.05815    0.0209    0.0108
   126/299     11.2G   0.03583   0.01471  0.003636   0.05418        33       640    0.6921    0.5773    0.6156    0.3094   0.05747   0.02088   0.01125
   127/299     11.2G   0.03557   0.01479  0.003747   0.05411        25       640     0.639    0.5949    0.6134    0.3032   0.05796   0.02069   0.01037
   128/299     11.2G   0.03543   0.01433  0.003701   0.05346        38       640    0.6409    0.6022    0.6061    0.3008   0.05789    0.0209   0.01086
   129/299     11.2G   0.03553   0.01429  0.003702   0.05353        19       640    0.6747     0.572    0.6073       0.3   0.05823   0.02104   0.01115
   130/299     11.2G   0.03583   0.01436  0.003799   0.05399        45       640    0.7979    0.5344    0.6247    0.3081   0.05802   0.02078   0.01117
   131/299     11.2G    0.0358   0.01405  0.003613   0.05345        21       640     0.694    0.5854    0.6282    0.3079   0.05784   0.02108     0.011
   132/299     11.2G   0.03618   0.01455  0.003982   0.05472         7       640    0.5994    0.6415    0.6086    0.3065   0.05817    0.0204   0.01121
   133/299     11.2G   0.03506   0.01427  0.003964    0.0533        36       640    0.6809     0.596    0.6196    0.3106   0.05768   0.02094   0.01085
   134/299     11.2G   0.03572   0.01467  0.003949   0.05434        30       640       0.7    0.5852    0.6202    0.3083   0.05845   0.02124   0.01113
   135/299     11.2G   0.03537   0.01409  0.003662   0.05312         6       640    0.6131    0.6291    0.6141    0.3022   0.05769   0.02108   0.01069
   136/299     11.2G   0.03499   0.01366  0.003625   0.05228        38       640    0.6117     0.633    0.6153    0.3094   0.05743     0.021   0.01083
   137/299     11.2G   0.03529   0.01398  0.003714   0.05299        26       640    0.6616    0.5865    0.6148    0.3199   0.05856   0.02079   0.01086
   138/299     11.2G   0.03473   0.01371  0.003735   0.05217        16       640    0.6641    0.6039    0.6292    0.3235   0.05804   0.02122   0.01081
   139/299     11.2G   0.03462    0.0138  0.003637   0.05206        21       640    0.6817    0.5859    0.6163    0.2973   0.05811   0.02102   0.01068
   140/299     11.2G   0.03501   0.01386  0.003522   0.05239        23       640    0.6806    0.6096    0.6291    0.3178   0.05775    0.0212    0.0103
   141/299     11.2G   0.03491   0.01387  0.003676   0.05246         8       640     0.681    0.6017    0.6243    0.3116   0.05805   0.02104   0.01081
   142/299     11.2G   0.03488   0.01373    0.0036   0.05221        28       640    0.6405    0.6029    0.6106    0.2945   0.05758   0.02086   0.01073
   143/299     11.2G   0.03432   0.01383  0.003094   0.05124        67       640    0.6106    0.6205    0.6068    0.3023   0.05776   0.02113   0.01109
   144/299     11.2G   0.03484   0.01404  0.003333   0.05221        20       640    0.6758    0.5947    0.6083    0.3002   0.05774   0.02115   0.01113
   145/299     11.2G   0.03453   0.01405  0.003385   0.05197         8       640    0.7045    0.6067    0.6315    0.3116   0.05741    0.0212    0.0112
   146/299     11.2G   0.03476   0.01391  0.003413   0.05208        51       640    0.6127    0.6407    0.6231    0.3161    0.0578   0.02134   0.01087
   147/299     11.2G   0.03453   0.01369    0.0032   0.05141        29       640    0.5965    0.6187    0.5931    0.2973   0.05767   0.02162   0.01076
   148/299     11.2G   0.03389   0.01373  0.003302   0.05092        20       640    0.6301    0.6218    0.6099    0.3094   0.05689   0.02179   0.01062
   149/299     11.2G   0.03417   0.01392  0.003862   0.05195        24       640      0.66    0.5797    0.6117    0.3065   0.05796   0.02122   0.01084
   150/299     11.2G   0.03441   0.01417  0.003489   0.05207        23       640    0.6287    0.6307    0.6179     0.307   0.05762   0.02169   0.01102
   151/299     11.2G   0.03379   0.01396  0.003273   0.05103        34       640    0.7071    0.6004    0.6379     0.316   0.05783   0.02183   0.01113
   152/299     11.2G   0.03342    0.0133  0.003196   0.04991        15       640    0.6459    0.6074    0.6139    0.3032   0.05776   0.02137   0.01114
   153/299     11.2G   0.03373   0.01394  0.003458   0.05113         8       640    0.6309    0.6306    0.6126    0.3087    0.0575   0.02162   0.01078
   154/299     11.2G   0.03393   0.01359  0.003135   0.05066        34       640    0.6995    0.5828    0.6178    0.3065   0.05849   0.02138   0.01058
   155/299     11.2G   0.03356   0.01364  0.003115   0.05032        19       640    0.7239    0.5797    0.6211    0.3193   0.05868   0.02143   0.01063
   156/299     11.2G   0.03318   0.01377  0.003227   0.05017         8       640    0.6809      0.62    0.6311    0.3163   0.05767   0.02167   0.01074
   157/299     11.2G   0.03355   0.01324  0.003053   0.04985        30       640    0.6839    0.6323    0.6369    0.3133   0.05819   0.02125   0.01074
   158/299     11.2G   0.03332   0.01334  0.003456   0.05012         8       640    0.6851    0.5896    0.6337    0.3248   0.05792   0.02157   0.01047
   159/299     11.2G   0.03318   0.01362  0.003373   0.05017        43       640    0.7106    0.5892    0.6283    0.3126   0.05813   0.02158   0.01103
   160/299     11.2G     0.033   0.01356  0.003279   0.04984        15       640    0.6795     0.576    0.6162    0.2977   0.05846    0.0216   0.01072
   161/299     11.2G   0.03271   0.01372  0.002968   0.04939        33       640    0.7023    0.5688    0.6238    0.3013    0.0576   0.02186   0.01049
   162/299     11.2G   0.03301   0.01323  0.003094   0.04933        13       640    0.6669    0.6067    0.6265    0.3057   0.05748   0.02193   0.01059
   163/299     11.2G   0.03358   0.01314  0.003407   0.05013        33       640    0.6761    0.6258    0.6235    0.3068   0.05807   0.02179    0.0107
   164/299     11.2G   0.03333   0.01343  0.003268   0.05003        24       640    0.6668    0.6076    0.6027     0.297   0.05893   0.02186    0.0111
   165/299     11.2G    0.0331    0.0135     0.003    0.0496        21       640    0.6455    0.6277    0.6139    0.3049   0.05806   0.02205   0.01066
   166/299     11.2G   0.03249   0.01335  0.002865   0.04871        26       640    0.6812    0.5854     0.623    0.3138   0.05776   0.02196   0.01072
   167/299     11.2G   0.03249   0.01351  0.003126   0.04913         7       640    0.6825    0.6051    0.6283     0.313   0.05783   0.02186   0.01068
   168/299     11.2G   0.03268   0.01357   0.00318   0.04944        24       640      0.66    0.6132    0.6325    0.3188   0.05753   0.02211   0.01052
   169/299     11.2G   0.03277    0.0135  0.003419   0.04968        15       640    0.6945    0.6147    0.6216    0.3054   0.05807   0.02186   0.01052
   170/299     11.2G   0.03293   0.01313   0.00324    0.0493        21       640    0.6844    0.5969    0.6178    0.3082   0.05754     0.022   0.01084
   171/299     11.2G   0.03222   0.01319  0.002782   0.04819        15       640    0.6698    0.6175    0.6193    0.3085   0.05756   0.02216   0.01081
   172/299     11.2G   0.03261   0.01336   0.00318   0.04914        13       640    0.6789    0.5679     0.605    0.2979   0.05787   0.02215   0.01048
   173/299     11.2G   0.03243   0.01362  0.003141   0.04919        45       640    0.7152    0.5999    0.6235    0.2937   0.05787   0.02265   0.01066
   174/299     11.2G   0.03228   0.01343  0.002893    0.0486        22       640    0.6934    0.6186    0.6282    0.3133   0.05708   0.02256   0.01086
   175/299     11.2G   0.03257    0.0136  0.002861   0.04903        55       640     0.716    0.6012    0.6294    0.3097   0.05759   0.02203   0.01051
   176/299     11.2G   0.03244    0.0135  0.003248   0.04919        15       640    0.7286    0.5931    0.6357    0.3153   0.05809    0.0218   0.01059
   177/299     11.2G   0.03185   0.01306  0.002914   0.04783         7       640    0.7175    0.5768     0.621    0.3138    0.0578   0.02203   0.01072
   178/299     11.2G   0.03221   0.01371  0.003057   0.04897        25       640    0.6994    0.6087      0.63    0.3178   0.05779   0.02189   0.01085
   179/299     11.2G   0.03203   0.01297  0.002891   0.04788        25       640    0.7363    0.5996    0.6466    0.3272   0.05764   0.02224   0.01041
   180/299     11.2G   0.03179   0.01325  0.002968   0.04801        15       640    0.6414    0.6504    0.6365    0.3188   0.05752   0.02222   0.01038
   181/299     11.2G   0.03115   0.01351   0.00281   0.04747        31       640    0.6779    0.6258    0.6337    0.3222   0.05801   0.02266   0.01012
   182/299     11.2G   0.03139     0.013  0.002761   0.04715         7       640    0.6677    0.6156    0.6212    0.3181   0.05793   0.02265   0.01029
   183/299     11.2G    0.0316   0.01311  0.002809   0.04752        19       640    0.6981     0.611      0.63    0.3178   0.05808   0.02218   0.01043
   184/299     11.2G   0.03107   0.01281  0.002513    0.0464        29       640    0.6945     0.614    0.6318    0.3154   0.05761   0.02249    0.0105
   185/299     11.2G   0.03124   0.01279  0.002902   0.04693        24       640    0.6889    0.5931    0.6147    0.3134   0.05713   0.02275   0.01044
   186/299     11.2G   0.03109   0.01282  0.002696   0.04661        38       640    0.6426    0.6057    0.5981     0.302   0.05739   0.02271   0.01074
   187/299     11.2G   0.03088    0.0133  0.002658   0.04683         6       640    0.6443    0.6339    0.6202     0.308   0.05744   0.02226   0.01047
   188/299     11.2G   0.03168    0.0135  0.003031   0.04822        20       640    0.6675    0.5874      0.62    0.3109   0.05796   0.02257   0.01072
   189/299     11.2G   0.03135   0.01301  0.002836   0.04719        17       640    0.6837    0.6258    0.6332    0.3198   0.05754   0.02273    0.0106
   190/299     11.2G   0.03069   0.01283  0.002622   0.04614        36       640    0.6794    0.6222    0.6282    0.3149   0.05799   0.02295   0.01057
   191/299     11.2G   0.03039   0.01299  0.002526   0.04591        25       640    0.6498    0.6298     0.618     0.308   0.05755   0.02271   0.01052
   192/299     11.2G   0.03034   0.01292  0.002685   0.04595        25       640    0.6867    0.5755    0.6108    0.3074   0.05738   0.02299   0.01045
   193/299     11.2G   0.03039   0.01257   0.00237   0.04533        13       640    0.6787    0.5996    0.6191    0.3136   0.05698    0.0232   0.01049
   194/299     11.2G   0.03086   0.01302  0.002766   0.04665        12       640    0.6814    0.6058    0.6268    0.3197   0.05725    0.0231   0.01043
   195/299     11.2G   0.03017   0.01215  0.002708   0.04503        24       640    0.6972    0.6201    0.6311    0.3178   0.05762   0.02303   0.01052
   196/299     11.2G   0.03045   0.01254  0.002426   0.04542        31       640    0.7052    0.5845    0.6195    0.3138   0.05766   0.02326   0.01045
   197/299     11.2G   0.02982   0.01292  0.002332   0.04508        20       640    0.6979    0.6016     0.614    0.3158    0.0572   0.02311   0.01021
   198/299     11.2G   0.03008   0.01245  0.002444   0.04497        13       640    0.6826    0.6051    0.6156    0.3212   0.05681   0.02318   0.01008
   199/299     11.2G   0.03016   0.01283  0.002307   0.04531        13       640    0.7455    0.5757    0.6207    0.3155   0.05674   0.02298   0.01024
   200/299     11.2G   0.03045   0.01294  0.002454   0.04585        35       640    0.7506    0.5599    0.6151    0.3126   0.05706   0.02322   0.01047
   201/299     11.2G   0.02975   0.01273  0.002506   0.04499        22       640    0.6645    0.5903    0.6174    0.3178   0.05708   0.02315   0.01025
   202/299     11.2G    0.0301   0.01291  0.002578   0.04558        31       640    0.7338    0.5675    0.6198     0.316   0.05717   0.02323   0.01018
   203/299     11.2G   0.02982   0.01267  0.002351   0.04484         9       640    0.7026    0.5821    0.6324    0.3246   0.05756   0.02328   0.01032
   204/299     11.2G    0.0299   0.01249  0.002471   0.04486        13       640    0.6937    0.6197    0.6364    0.3254   0.05686   0.02347   0.01028
   205/299     11.2G   0.02936   0.01232    0.0025   0.04419        26       640    0.7366    0.5946    0.6271     0.321   0.05665   0.02332   0.01049
   206/299     11.2G   0.02936   0.01236  0.002518   0.04425        14       640    0.7024    0.5981    0.6187    0.3176   0.05666   0.02339   0.01063
   207/299     11.2G   0.02944   0.01234  0.002496   0.04427        30       640    0.7088    0.5983    0.6145    0.3139   0.05704   0.02345   0.01059
   208/299     11.2G   0.02916   0.01242  0.002227    0.0438        30       640    0.7343    0.5596    0.6156    0.3211   0.05709   0.02387   0.01053
   209/299     11.2G   0.02965   0.01261  0.002278   0.04454        31       640    0.7022    0.5757    0.6198    0.3154   0.05664   0.02349   0.01021
   210/299     11.2G   0.02969   0.01246  0.002594   0.04475        21       640    0.6565    0.6089    0.6171    0.3088   0.05688   0.02333    0.0102
   211/299     11.2G   0.03007   0.01254  0.002538   0.04514        16       640    0.7417    0.5709    0.6188    0.3162   0.05723   0.02345   0.01034
   212/299     11.2G   0.02924    0.0125  0.002367   0.04411        16       640     0.675    0.6169    0.6335    0.3249   0.05715    0.0236   0.01034
   213/299     11.2G   0.02916   0.01233  0.002405    0.0439        25       640    0.6883    0.6167    0.6255    0.3155   0.05678   0.02379   0.01021
   214/299     11.2G   0.02927   0.01262  0.002509    0.0444        36       640    0.7223    0.5768     0.622    0.3156   0.05671   0.02357   0.01015
   215/299     11.2G   0.02886   0.01271  0.002413   0.04398        15       640    0.6399     0.636    0.6224    0.3152   0.05676    0.0236   0.01017
   216/299     11.2G    0.0287   0.01222  0.002215   0.04313        22       640    0.7081    0.5995    0.6263    0.3149   0.05648   0.02396   0.01026
   217/299     11.2G   0.02927   0.01213  0.002387   0.04379        22       640    0.7452    0.5721    0.6236    0.3124   0.05661   0.02388   0.01044
   218/299     11.2G   0.02825     0.012  0.002127   0.04238        18       640    0.7153    0.6074    0.6206    0.3086   0.05661   0.02394    0.0104
   219/299     11.2G   0.02827   0.01232  0.002232   0.04282        13       640    0.7062     0.608    0.6244    0.3133   0.05646   0.02425   0.01028
   220/299     11.2G   0.02875   0.01239  0.002182   0.04332        10       640    0.7094    0.5929     0.624    0.3134   0.05646   0.02409   0.01023
   221/299     11.2G   0.02836   0.01206  0.002064   0.04248        15       640    0.7081    0.5932    0.6193    0.3078   0.05653   0.02399   0.01044
   222/299     11.2G   0.02831   0.01265  0.002226   0.04319        40       640    0.6826    0.6196    0.6242    0.3113   0.05645   0.02403   0.01054
   223/299     11.2G   0.02832   0.01195   0.00237   0.04264        36       640    0.7359    0.5984    0.6264    0.3095   0.05662   0.02403   0.01064
   224/299     11.2G   0.02757   0.01202  0.002167   0.04176        41       640     0.727    0.6014    0.6284    0.3172   0.05699   0.02408   0.01061
   225/299     11.2G   0.02817   0.01153  0.002045   0.04174        14       640    0.6991    0.6232    0.6262    0.3146   0.05686   0.02415   0.01046
   226/299     11.2G   0.02907   0.01268  0.002505   0.04425        41       640    0.6898    0.6253    0.6203    0.3079    0.0568   0.02423   0.01066
   227/299     11.2G   0.02825    0.0119  0.002093   0.04224        24       640    0.6939    0.6127    0.6186    0.3113   0.05671   0.02419   0.01075
   228/299     11.2G   0.02804   0.01228  0.002285   0.04261        16       640    0.7129    0.5958    0.6173    0.3075   0.05671   0.02435   0.01074
   229/299     11.2G   0.02833   0.01198  0.002268   0.04258        25       640    0.7053    0.6179    0.6214    0.3085   0.05654   0.02461   0.01059
   230/299     11.2G   0.02813   0.01221  0.002085   0.04243         8       640    0.6558    0.6358    0.6208     0.307   0.05653   0.02438   0.01056
   231/299     11.2G    0.0271   0.01206  0.002004   0.04117        40       640    0.6548     0.637    0.6164    0.3033   0.05643   0.02433   0.01045
   232/299     11.2G   0.02774   0.01226  0.002177   0.04218        29       640    0.6996    0.6059    0.6242    0.3098   0.05637   0.02434   0.01043
   233/299     11.2G   0.02738   0.01182  0.002247   0.04145        14       640    0.6962    0.6233     0.626    0.3127   0.05646   0.02439   0.01044
   234/299     11.2G   0.02771   0.01175  0.001979   0.04144        16       640    0.7125    0.6098    0.6278    0.3175   0.05633   0.02436   0.01046
   235/299     11.2G   0.02743   0.01177  0.002078   0.04128        21       640    0.7131    0.6106    0.6328    0.3182   0.05651   0.02437   0.01053
   236/299     11.2G   0.02745   0.01207  0.002186   0.04171        14       640    0.7418    0.5868    0.6304    0.3183   0.05689   0.02446   0.01066
   237/299     11.2G   0.02748   0.01226  0.001911   0.04165        29       640    0.6975    0.6163    0.6293    0.3132   0.05693    0.0244   0.01052
   238/299     11.2G    0.0276   0.01201  0.002043   0.04165        24       640    0.7154    0.6156    0.6329    0.3139   0.05678   0.02449   0.01057
   239/299     11.2G   0.02712   0.01197  0.002122   0.04121        23       640    0.7328    0.6028    0.6257    0.3156   0.05661   0.02454   0.01054
   240/299     11.2G   0.02729   0.01176  0.002053   0.04111        18       640    0.7139    0.6256    0.6314    0.3191   0.05638   0.02464   0.01046
   241/299     11.2G   0.02713   0.01159  0.001951   0.04067        16       640    0.7164    0.6163    0.6294    0.3142   0.05661   0.02476   0.01041
   242/299     11.2G   0.02692   0.01158  0.002128   0.04062        36       640    0.7179    0.6061    0.6303    0.3202    0.0567   0.02476   0.01042
   243/299     11.2G   0.02714   0.01204  0.002188   0.04137        73       640     0.763    0.5872    0.6432    0.3223   0.05655   0.02472   0.01046
   244/299     11.2G   0.02724   0.01142   0.00214    0.0408        13       640    0.7188    0.6181    0.6294    0.3192   0.05668   0.02469   0.01042
   245/299     11.2G    0.0272   0.01154  0.002067    0.0408        29       640     0.724    0.6123    0.6251    0.3179   0.05657   0.02463   0.01057
   246/299     11.2G   0.02677   0.01179  0.002018   0.04057        28       640    0.7113    0.6081    0.6214    0.3099   0.05648   0.02461   0.01066
   247/299     11.2G   0.02652   0.01199  0.002083   0.04059        10       640    0.7017    0.5983    0.6141    0.3073   0.05654   0.02462   0.01065
   248/299     11.2G   0.02637   0.01171  0.001984   0.04007        41       640    0.7384    0.5696    0.6154     0.309   0.05664   0.02485   0.01056
   249/299     11.2G   0.02686   0.01142  0.001893   0.04017        19       640    0.7181    0.6036    0.6186    0.3133   0.05651    0.0249   0.01048
   250/299     11.2G   0.02726   0.01221  0.002017   0.04148        11       640    0.6895    0.6152    0.6216    0.3167   0.05646   0.02494   0.01043
   251/299     11.2G   0.02647   0.01186  0.001964    0.0403        29       640    0.7237    0.5926    0.6162    0.3104   0.05636    0.0249   0.01045
   252/299     11.2G   0.02619   0.01156  0.001976   0.03973        49       640    0.7273    0.5879    0.6118    0.3049   0.05635   0.02487   0.01051
   253/299     11.2G   0.02646   0.01163  0.002056   0.04014        23       640    0.6972    0.6127    0.6164    0.3046   0.05642   0.02491   0.01055
   254/299     11.2G   0.02676   0.01186  0.002115   0.04074        30       640    0.7011    0.6176    0.6258    0.3085   0.05645   0.02492   0.01056
   255/299     11.2G   0.02568    0.0114  0.001857   0.03895        17       640     0.724    0.6046    0.6253    0.3094    0.0565   0.02505   0.01057
   256/299     11.2G   0.02632   0.01183  0.001865   0.04002        11       640    0.7073    0.6148    0.6216    0.3107   0.05649   0.02525   0.01051
   257/299     11.2G    0.0264   0.01144  0.002022   0.03986        26       640    0.6696    0.6467     0.624    0.3123   0.05648   0.02534   0.01055
   258/299     11.2G   0.02605   0.01118  0.001906   0.03913        36       640    0.7222    0.6038     0.621    0.3108   0.05653   0.02555   0.01053
   259/299     11.2G   0.02624   0.01197  0.001986   0.04019        21       640    0.7045    0.6138     0.624    0.3141   0.05647   0.02564   0.01057
   260/299     11.2G    0.0265   0.01185  0.001832   0.04018        19       640    0.7158    0.6106    0.6293    0.3145    0.0564   0.02561   0.01063
   261/299     11.2G   0.02607   0.01183  0.001785   0.03969        18       640     0.754    0.5807    0.6315    0.3168   0.05652   0.02564   0.01067
   262/299     11.2G   0.02605   0.01117   0.00194   0.03916        30       640    0.7007    0.6148    0.6294    0.3121   0.05639   0.02559   0.01066
   263/299     11.2G   0.02605   0.01142  0.001863   0.03934        45       640    0.7121    0.6139    0.6263    0.3132   0.05648   0.02546   0.01068
   264/299     11.2G   0.02613   0.01151  0.001822   0.03946        24       640    0.7412    0.5876    0.6247    0.3134   0.05652   0.02536   0.01071
   265/299     11.2G   0.02591   0.01136  0.001929   0.03921        30       640    0.7389    0.5912    0.6199    0.3116   0.05652   0.02551   0.01074
   266/299     11.2G   0.02586   0.01162  0.001875   0.03935       118       640    0.7671    0.5685    0.6183    0.3141   0.05661   0.02554   0.01074
   267/299     11.2G   0.02607   0.01183   0.00197   0.03987        24       640    0.7371    0.5882    0.6223    0.3146   0.05653   0.02547   0.01077
   268/299     11.2G   0.02578   0.01107  0.001887   0.03873         4       640    0.7351    0.5929    0.6214    0.3145   0.05638   0.02551   0.01077
   269/299     11.2G    0.0257   0.01136  0.001689   0.03875        30       640    0.7435    0.5924    0.6225    0.3124   0.05639   0.02567   0.01071
   270/299     11.2G   0.02548   0.01133  0.001868   0.03868        17       640    0.7868    0.5741    0.6242     0.311   0.05649   0.02569    0.0106
   271/299     11.2G   0.02615   0.01148  0.001812   0.03944        14       640    0.7758    0.5746    0.6231    0.3102   0.05673   0.02568   0.01064
   272/299     11.2G   0.02634   0.01139  0.001733   0.03946        29       640    0.7603     0.573    0.6193    0.3144   0.05685   0.02566   0.01066
   273/299     11.2G   0.02555   0.01127  0.001865   0.03868        23       640    0.7662     0.567    0.6234    0.3099   0.05698   0.02577   0.01068
   274/299     11.2G   0.02574   0.01153  0.001802   0.03907        15       640    0.7549     0.581    0.6232    0.3104   0.05706   0.02577   0.01062
   275/299     11.2G    0.0262   0.01155  0.002066   0.03982        30       640    0.7686    0.5738    0.6211    0.3102    0.0573    0.0258   0.01068
   276/299     11.2G   0.02583   0.01117  0.002018   0.03902        20       640    0.7596    0.5795    0.6178    0.3092   0.05726   0.02584   0.01076
   277/299     11.2G   0.02605   0.01151  0.002023   0.03958        21       640    0.7272    0.5944    0.6191    0.3098   0.05707   0.02584   0.01069
   278/299     11.2G   0.02498   0.01132  0.001892   0.03819        10       640    0.7351     0.594    0.6205    0.3106   0.05702   0.02581   0.01065
   279/299     11.2G   0.02595   0.01183  0.002192   0.03997        27       640      0.74    0.5889    0.6213    0.3112   0.05686   0.02588   0.01064
   280/299     11.2G   0.02509   0.01122  0.001828   0.03813        23       640    0.7753    0.5636    0.6211    0.3116   0.05666   0.02594   0.01069
   281/299     11.2G   0.02477   0.01095  0.001715   0.03744        30       640    0.7914    0.5602    0.6259     0.313   0.05656   0.02593   0.01066
   282/299     11.2G   0.02505   0.01122   0.00182   0.03809        48       640    0.7306    0.5902    0.6249    0.3125   0.05651   0.02594   0.01065
   283/299     11.2G   0.02456   0.01116  0.001681   0.03741        33       640    0.7539    0.5832    0.6251    0.3104   0.05636   0.02589   0.01064
   284/299     11.2G    0.0258    0.0113  0.001916   0.03902        68       640    0.7408    0.5968    0.6267    0.3138   0.05631   0.02596   0.01067
   285/299     11.2G   0.02525   0.01125  0.001775   0.03827        41       640    0.7483    0.5991     0.627    0.3163   0.05631   0.02605   0.01069
   286/299     11.2G   0.02534   0.01138  0.001825   0.03855        17       640    0.7488    0.5977    0.6247    0.3194   0.05648   0.02612   0.01066
   287/299     11.2G   0.02502   0.01148  0.001739   0.03823        12       640    0.7484    0.5899    0.6229    0.3164   0.05654   0.02609   0.01065
   288/299     11.2G    0.0249   0.01095   0.00185   0.03771        25       640    0.7199    0.6146    0.6229    0.3142   0.05654   0.02602   0.01065
   289/299     11.2G    0.0252   0.01121  0.001927   0.03834        18       640    0.7012    0.6213    0.6215    0.3125   0.05645   0.02604   0.01064
   290/299     11.2G   0.02516    0.0113  0.001809   0.03828        24       640    0.7266    0.6105    0.6228    0.3119   0.05633   0.02612   0.01068
   291/299     11.2G   0.02503   0.01111  0.001774   0.03792        29       640    0.7278    0.6082    0.6207    0.3101   0.05633   0.02619   0.01069
   292/299     11.2G   0.02478   0.01108  0.001858   0.03772        29       640    0.7042    0.6261    0.6226     0.316   0.05646   0.02625   0.01069
   293/299     11.2G    0.0249    0.0111  0.001814   0.03781        15       640    0.7309    0.6059    0.6222     0.314   0.05645   0.02628   0.01067
   294/299     11.2G   0.02485   0.01091  0.001694   0.03745        20       640    0.7748    0.5785    0.6227    0.3169   0.05659   0.02632   0.01072
   295/299     11.2G   0.02483   0.01109  0.001707   0.03762        23       640     0.778    0.5803    0.6203    0.3149   0.05664   0.02634   0.01074
   296/299     11.2G   0.02472   0.01091  0.001648   0.03729        11       640    0.7775    0.5818    0.6205    0.3141    0.0567   0.02637   0.01079
   297/299     11.2G   0.02445   0.01062  0.001724    0.0368        24       640    0.7316    0.5972    0.6177    0.3152   0.05676   0.02642   0.01089
   298/299     11.2G   0.02493   0.01122   0.00194   0.03809        16       640    0.7093    0.6084    0.6143    0.3106   0.05686   0.02641   0.01096
   299/299     11.2G   0.02498   0.01093  0.001725   0.03763        29       640    0.7565    0.5653    0.6126    0.3051   0.05698   0.02641   0.01099
